x = [ -0.721588 -0.884977 -0.655367 0.296646 1.376074 0.584105 0.013924 ];
