x = [ 0.459588 1.316552 -1.088855 0.776570 ];
